19.941176470588236
20.545454545454547
18.95
20.75
20.55
19.0
22.05
20.36842105263158
18.26086956521739
18.40909090909091
19.61904761904762
19.375
19.565217391304348
19.952380952380953
21.95
21.05
19.227272727272727
20.0
20.3
20.526315789473685
20.823529411764707
17.136363636363637
19.285714285714285
20.88888888888889
22.666666666666668
20.285714285714285
17.705882352941178
20.083333333333332
20.818181818181817
19.272727272727273
18.3
18.476190476190474
20.304347826086957
24.0
23.09090909090909
19.677419354838708,5.342387389331656,1.503035068511963
19.208333333333332,4.3106376816223175,0.983736515045166
19.208333333333332,4.3106376816223175,23.625442504882812
19.61904761904762,5.73606958910592,22.310641288757324
19.208333333333332,4.3106376816223175,22.963139533996582
19.677419354838708,5.342387389331656,27.03633713722229
16.22222222222222,2.9543857334018515,26.913263082504272
20.096774193548388,5.726874048585867,21.609050750732422
20.096774193548388,5.726874048585867,22.395202159881592
