18.055555555555557
19.694444444444443
17.88888888888889
18.258064516129032
19.38235294117647
19.580645161290324
22.31578947368421
19.102564102564102
17.88235294117647
19.235294117647058
19.685714285714287
18.575757575757574
19.151515151515152
19.725
19.72222222222222
20.571428571428573
17.852941176470587
19.97222222222222
19.75
19.56756756756757
17.428571428571427
17.13888888888889
17.28125
19.17142857142857
18.5
18.818181818181817
17.96875
19.13157894736842
19.31578947368421
19.90909090909091
17.914285714285715
18.548387096774192
19.264705882352942
20.45945945945946
20.36111111111111
19.89189189189189
19.65714285714286
18.17142857142857
19.28125
20.305555555555557
17.805555555555557
19.529411764705884
20.055555555555557
18.56756756756757
20.176470588235293
19.757575757575758
19.75
19.558823529411764
19.17142857142857
20.181818181818183
19.513513513513512
22.08108108108108
18.705882352941178
20.852941176470587
19.65
17.40625
16.323529411764707
19.62162162162162
17.40625
20.11764705882353
18.257142857142856
18.714285714285715
20.857142857142858
19.52777777777778
18.605263157894736
19.054054054054053
20.314285714285713
20.444444444444443
20.513513513513512
19.857142857142858
17.125
19.22222222222222
20.142857142857142
19.88888888888889
18.9
20.441176470588236
18.033333333333335
17.914285714285715
20.026315789473685
20.37142857142857
20.594594594594593
20.514285714285716
18.0
19.97142857142857
19.7027027027027
18.441176470588236
19.27777777777778
19.473684210526315
18.055555555555557
19.97222222222222
19.56756756756757
21.05128205128205
19.82857142857143
19.62162162162162
17.61764705882353
19.94871794871795
19.6
18.514285714285716
20.514285714285716
18.710526315789473
