18.263157894736842
16.814814814814813
15.818181818181818
16.45
19.454545454545453
17.653846153846153
19.652173913043477
15.571428571428571
14.590909090909092
15.909090909090908
14.291666666666666
17.434782608695652
17.956521739130434
16.869565217391305
16.695652173913043
16.47826086956522
17.944444444444443
18.047619047619047
17.333333333333332
17.31578947368421
15.0
17.434782608695652
18.045454545454547
18.363636363636363
18.09090909090909
16.63157894736842
16.791666666666668
17.916666666666668
17.434782608695652
16.695652173913043
15.80952380952381
15.75
18.63157894736842
16.25
16.91304347826087
17.857142857142858
17.954545454545453
15.347826086956522
16.227272727272727
17.0
15.869565217391305
18.565217391304348
16.473684210526315
17.85
17.142857142857142
18.15
16.846153846153847
20.142857142857142
15.76
17.083333333333332
18.727272727272727
16.666666666666668
15.736842105263158
18.26086956521739
15.1
18.72
16.041666666666668
16.181818181818183
19.708333333333332
18.0
16.1
18.08695652173913
18.32
15.5
17.6
14.222222222222221
18.36
18.0
18.217391304347824
17.136363636363637
19.608695652173914
17.863636363636363
16.76
19.272727272727273
15.409090909090908
17.82608695652174
17.7
18.565217391304348
17.0
17.05263157894737
18.736842105263158
19.454545454545453
17.47826086956522
18.681818181818183
15.5
19.05
17.61904761904762
17.95
15.772727272727273
17.954545454545453
17.2
14.5
18.681818181818183
17.16
17.954545454545453
17.2
14.5
18.681818181818183
17.16
17.80952380952381
18.8
15.619047619047619
15.652173913043478
16.541666666666668
18.36842105263158
