18.157894736842106
17.64
16.90909090909091
17.63157894736842
19.272727272727273
17.846153846153847
20.217391304347824
18.047619047619047
16.391304347826086
17.181818181818183
17.38095238095238
17.416666666666668
17.869565217391305
18.130434782608695
18.904761904761905
18.363636363636363
18.09090909090909
18.2
18.333333333333332
18.0
18.05263157894737
16.91304347826087
17.17391304347826
18.80952380952381
18.904761904761905
18.304347826086957
16.7
18.076923076923077
18.166666666666668
17.52173913043478
17.571428571428573
16.636363636363637
17.24
19.9
18.727272727272727
18.583333333333332
18.714285714285715
16.47826086956522
18.238095238095237
18.61904761904762
17.0
17.666666666666668
19.416666666666668
18.238095238095237
18.73913043478261
18.91304347826087
18.0
19.105263157894736
17.454545454545453
18.333333333333332
18.307692307692307
19.727272727272727
16.846153846153847
19.25
18.363636363636363
16.428571428571427
16.36842105263158
17.956521739130434
16.80952380952381
19.16
16.565217391304348
18.09090909090909
19.8
18.1
16.36842105263158
18.363636363636363
19.52173913043478
19.96
18.789473684210527
20.09090909090909
15.210526315789474
18.6
19.727272727272727
18.217391304347824
17.857142857142858
19.083333333333332
18.636363636363637
16.52
17.583333333333332
19.09090909090909
18.416666666666668
18.636363636363637
17.6
18.73913043478261
18.333333333333332
17.105263157894736
18.36842105263158
18.727272727272727
16.818181818181817
18.130434782608695
18.9
19.38095238095238
18.09090909090909
18.25
16.727272727272727
17.90909090909091
18.166666666666668
17.782608695652176
18.636363636363637
17.0
18.157894736842106
17.64
16.90909090909091
17.63157894736842
19.272727272727273
17.846153846153847
20.217391304347824
18.047619047619047
16.391304347826086
17.181818181818183
17.38095238095238
17.416666666666668
17.869565217391305
18.130434782608695
18.904761904761905
18.363636363636363
18.09090909090909
18.2
18.333333333333332
18.0
18.05263157894737
16.91304347826087
17.17391304347826
18.80952380952381
18.904761904761905
18.304347826086957
16.7
18.076923076923077
18.166666666666668
17.52173913043478
17.571428571428573
16.636363636363637
17.24
19.9
18.727272727272727
18.583333333333332
18.714285714285715
16.47826086956522
18.238095238095237
18.61904761904762
17.0
17.666666666666668
19.416666666666668
18.238095238095237
18.73913043478261
18.91304347826087
18.0
19.105263157894736
17.454545454545453
18.333333333333332
18.307692307692307
19.727272727272727
16.846153846153847
19.25
18.363636363636363
16.428571428571427
16.36842105263158
17.956521739130434
16.80952380952381
19.16
16.565217391304348
18.09090909090909
19.8
18.1
16.36842105263158
18.363636363636363
19.52173913043478
19.96
18.789473684210527
20.09090909090909
15.210526315789474
18.6
19.727272727272727
18.217391304347824
17.857142857142858
18.157894736842106
19.083333333333332
17.64
18.636363636363637
16.90909090909091
16.52
17.63157894736842
17.583333333333332
19.272727272727273
19.09090909090909
17.846153846153847
18.416666666666668
20.217391304347824
18.636363636363637
18.047619047619047
17.6
16.391304347826086
18.73913043478261
17.181818181818183
18.333333333333332
17.38095238095238
17.105263157894736
17.416666666666668
18.36842105263158
17.869565217391305
18.130434782608695
18.727272727272727
18.904761904761905
16.818181818181817
18.130434782608695
18.363636363636363
18.09090909090909
18.9
18.2
19.38095238095238
18.09090909090909
18.333333333333332
18.0
18.25
18.05263157894737
16.727272727272727
16.91304347826087
17.90909090909091
17.17391304347826
18.166666666666668
18.80952380952381
17.782608695652176
18.904761904761905
18.636363636363637
18.304347826086957
17.0
16.7
18.076923076923077
18.166666666666668
17.52173913043478
17.571428571428573
16.636363636363637
17.24
19.9
18.727272727272727
18.583333333333332
18.714285714285715
16.47826086956522
18.238095238095237
18.61904761904762
17.0
17.666666666666668
19.416666666666668
18.238095238095237
18.73913043478261
18.91304347826087
18.0
19.105263157894736
17.454545454545453
18.333333333333332
18.307692307692307
19.727272727272727
16.846153846153847
19.25
18.363636363636363
16.428571428571427
16.36842105263158
17.956521739130434
16.80952380952381
19.16
16.565217391304348
18.09090909090909
19.8
18.1
16.36842105263158
18.363636363636363
19.52173913043478
19.96
18.789473684210527
20.09090909090909
15.210526315789474
18.6
19.727272727272727
18.217391304347824
17.857142857142858
19.083333333333332
18.636363636363637
16.52
17.583333333333332
19.09090909090909
18.416666666666668
18.636363636363637
17.6
18.73913043478261
18.333333333333332
17.105263157894736
18.36842105263158
18.727272727272727
16.818181818181817
18.130434782608695
18.9
19.38095238095238
18.09090909090909
18.25
16.727272727272727
17.90909090909091
18.166666666666668
17.782608695652176
18.636363636363637
17.0
18.157894736842106
17.64
16.90909090909091
17.63157894736842
19.272727272727273
17.846153846153847
20.217391304347824
18.047619047619047
16.391304347826086
17.181818181818183
17.38095238095238
17.416666666666668
17.869565217391305
18.130434782608695
18.904761904761905
18.363636363636363
18.09090909090909
18.2
18.333333333333332
18.0
18.05263157894737
16.91304347826087
17.17391304347826
18.80952380952381
18.904761904761905
18.304347826086957
16.7
18.076923076923077
18.166666666666668
17.52173913043478
17.571428571428573
16.636363636363637
17.24
19.9
18.727272727272727
18.583333333333332
18.714285714285715
16.47826086956522
18.238095238095237
18.61904761904762
17.0
17.666666666666668
19.416666666666668
18.238095238095237
18.73913043478261
18.91304347826087
18.0
19.105263157894736
17.454545454545453
18.333333333333332
18.307692307692307
19.727272727272727
16.846153846153847
19.25
18.363636363636363
16.428571428571427
16.36842105263158
17.956521739130434
16.80952380952381
19.16
16.565217391304348
18.09090909090909
19.8
18.1
16.36842105263158
18.363636363636363
19.52173913043478
19.96
18.789473684210527
20.09090909090909
15.210526315789474
18.6
19.727272727272727
18.217391304347824
17.857142857142858
19.083333333333332
18.636363636363637
16.52
17.583333333333332
19.09090909090909
18.416666666666668
18.636363636363637
17.6
18.73913043478261
18.333333333333332
17.105263157894736
18.36842105263158
18.727272727272727
16.818181818181817
18.130434782608695
18.9
19.38095238095238
18.09090909090909
18.25
16.727272727272727
17.90909090909091
18.166666666666668
17.782608695652176
18.636363636363637
17.0
18.157894736842106,4.170865843401884,21.938987970352173
