20.0,76.0,26.0,85.0,31.0,93.0,35.0
4.0,4.5,5.0,5.5,6.0,6.5,7.0
5.0,96.0,2.0
10.0,10.5,11.0
18.0,74.0,24.0,83.0,29.0,99.0,97.0
4.5,5.0,5.5,6.0,6.5,7.0,7.5
4.0,95.0,1.0
11.5,12.0,12.5
4.0,95.0,1.0
13.5,14.0,14.5
22.0,78.0,28.0,87.0,33.0,100.0,98.0
10.0,10.5,11.0,11.5,12.0,12.5,13.0
25.0,84.0,30.0,88.0,29.0,99.0,97.0
8.0,8.5,9.0,9.5,10.0,10.5,11.0
4.0,95.0,1.0
17.5,18.0,18.5
20.0,76.0,26.0,85.0,31.0,93.0,35.0
9.0,9.5,10.0,10.5,11.0,11.5,12.0
25.0,80.0,26.0,85.0,31.0,93.0,35.0
11.0,11.5,12.0,12.5,13.0,13.5,14.0
5.0,96.0,2.0
16.5,17.0,17.5
20.0,76.0,26.0,85.0,31.0,93.0,35.0
13.0,13.5,14.0,14.5,15.0,15.5,16.0
4.0,95.0,1.0
20.0,20.5,21.0
4.0,95.0,1.0
23.5,24.0,24.5
5.0,96.0,2.0
23.0,23.5,24.0
22.0,78.0,28.0,87.0,33.0,100.0,98.0
20.5,21.0,21.5,22.0,22.5,23.0,23.5
4.0,95.0,1.0
27.5,28.0,28.5
5.0,96.0,2.0
24.0,24.5,25.0
18.0,74.0,24.0,83.0,29.0,99.0,97.0
18.5,19.0,19.5,20.0,20.5,21.0,21.5
27.0,86.0,32.0,91.0,33.0,100.0,98.0
22.0,22.5,23.0,23.5,24.0,24.5,25.0
5.0,96.0,2.0
27.5,28.0,28.5
27.0,82.0,28.0,87.0,33.0,100.0,98.0
25.0,25.5,26.0,26.5,27.0,27.5,28.0
25.0,84.0,30.0,88.0,29.0,99.0,97.0
23.5,24.0,24.5,25.0,25.5,26.0,26.5
26.0,81.0,27.0,86.0,32.0,94.0,36.0
25.5,26.0,26.5,27.0,27.5,28.0,28.5
10.0,52.0,39.0,48.0,3.0,42.0,40.0,43.0,4.0,95.0,1.0
29.5,30.0,30.5,31.0,31.5,32.0,32.5,33.0,33.5,34.0,34.5
13.0,57.0,12.0,56.0,11.0,55.0,10.0,52.0,39.0,48.0,3.0,42.0,40.0,43.0,4.0,95.0,1.0
29.0,29.5,30.0,30.5,31.0,31.5,32.0,32.5,33.0,33.5,34.0,34.5,35.0,35.5,36.0,36.5,37.0
25.0,84.0,30.0,88.0,29.0,99.0,97.0
28.5,29.0,29.5,30.0,30.5,31.0,31.5
104.0,103.0,17.0,61.0,10.0,52.0,39.0,48.0,3.0,42.0,40.0,43.0,4.0,95.0,1.0
29.0,29.5,30.0,30.5,31.0,31.5,32.0,32.5,33.0,33.5,34.0,34.5,35.0,35.5,36.0
25.0,80.0,26.0,76.0,20.0,64.0,13.0,58.0,14.0,59.0,15.0,53.0,8.0,49.0,6.0,46.0,41.0,45.0,5.0,96.0,2.0
29.5,30.0,30.5,31.0,31.5,32.0,32.5,33.0,33.5,34.0,34.5,35.0,35.5,36.0,36.5,37.0,37.5,38.0,38.5,39.0,39.5
12.0,57.0,13.0,64.0,20.0,76.0,26.0,85.0,31.0,93.0,35.0
29.5,30.0,30.5,31.0,31.5,32.0,32.5,33.0,33.5,34.0,34.5
11.0,62.0,18.0,69.0,19.0,75.0,25.0,80.0,26.0,85.0,31.0,93.0,35.0
29.0,29.5,30.0,30.5,31.0,31.5,32.0,32.5,33.0,33.5,34.0,34.5,35.0
31.0,85.0,26.0,76.0,20.0,64.0,13.0,58.0,14.0,59.0,15.0,53.0,8.0,49.0,6.0,46.0,41.0,45.0,5.0,96.0,2.0
29.5,30.0,30.5,31.0,31.5,32.0,32.5,33.0,33.5,34.0,34.5,35.0,35.5,36.0,36.5,37.0,37.5,38.0,38.5,39.0,39.5
36.0,94.0,32.0,86.0,27.0,77.0,21.0,65.0,14.0,59.0,15.0,53.0,8.0,49.0,6.0,46.0,41.0,45.0,5.0,44.0,4.0,95.0,1.0
29.5,30.0,30.5,31.0,31.5,32.0,32.5,33.0,33.5,34.0,34.5,35.0,35.5,36.0,36.5,37.0,37.5,38.0,38.5,39.0,39.5,40.0,40.5














